// BEAM BENDING ANALYSIS FOR ELEMENT TYPE PSQUAD4R

NODE
  NODE,    1,    1,    1,      0.000,      0.000,
  NODE,    2,    0,    0,     20.000,      0.000,
  NODE,    3,    0,    0,     40.000,      0.000,
  NODE,    4,    0,    0,     60.000,      0.000,
  NODE,    5,    0,    0,     80.000,      0.000,
  NODE,    6,    0,    0,    100.000,      0.000,
  NODE,    7,    0,    0,    120.000,      0.000,
  NODE,    8,    0,    0,    140.000,      0.000,
  NODE,    9,    0,    0,    160.000,      0.000,
  NODE,   10,    0,    0,    180.000,      0.000,
  NODE,   11,    0,    0,    200.000,      0.000,
  NODE,   12,    1,    1,      0.000,      5.000,
  NODE,   13,    0,    0,     20.000,      5.000,
  NODE,   14,    0,    0,     40.000,      5.000,
  NODE,   15,    0,    0,     60.000,      5.000,
  NODE,   16,    0,    0,     80.000,      5.000,
  NODE,   17,    0,    0,    100.000,      5.000,
  NODE,   18,    0,    0,    120.000,      5.000,
  NODE,   19,    0,    0,    140.000,      5.000,
  NODE,   20,    0,    0,    160.000,      5.000,
  NODE,   21,    0,    0,    180.000,      5.000,
  NODE,   22,    0,    0,    200.000,      5.000,
  NODE,   23,    1,    1,      0.000,     10.000,
  NODE,   24,    0,    0,     20.000,     10.000,
  NODE,   25,    0,    0,     40.000,     10.000,
  NODE,   26,    0,    0,     60.000,     10.000,
  NODE,   27,    0,    0,     80.000,     10.000,
  NODE,   28,    0,    0,    100.000,     10.000,
  NODE,   29,    0,    0,    120.000,     10.000,
  NODE,   30,    0,    0,    140.000,     10.000,
  NODE,   31,    0,    0,    160.000,     10.000,
  NODE,   32,    0,    0,    180.000,     10.000,
  NODE,   33,    0,    0,    200.000,     10.000,
  NODE,   34,    1,    1,      0.000,     15.000,
  NODE,   35,    0,    0,     20.000,     15.000,
  NODE,   36,    0,    0,     40.000,     15.000,
  NODE,   37,    0,    0,     60.000,     15.000,
  NODE,   38,    0,    0,     80.000,     15.000,
  NODE,   39,    0,    0,    100.000,     15.000,
  NODE,   40,    0,    0,    120.000,     15.000,
  NODE,   41,    0,    0,    140.000,     15.000,
  NODE,   42,    0,    0,    160.000,     15.000,
  NODE,   43,    0,    0,    180.000,     15.000,
  NODE,   44,    0,    0,    200.000,     15.000,
  NODE,   45,    1,    1,      0.000,     20.000,
  NODE,   46,    0,    0,     20.000,     20.000,
  NODE,   47,    0,    0,     40.000,     20.000,
  NODE,   48,    0,    0,     60.000,     20.000,
  NODE,   49,    0,    0,     80.000,     20.000,
  NODE,   50,    0,    0,    100.000,     20.000,
  NODE,   51,    0,    0,    120.000,     20.000,
  NODE,   52,    0,    0,    140.000,     20.000,
  NODE,   53,    0,    0,    160.000,     20.000,
  NODE,   54,    0,    0,    180.000,     20.000,
  NODE,   55,    0,    0,    200.000,     20.000,
END

MATERIAL
  M2DISO,       1,   210000.0, 0.3
END

PROPERTY
  P2D, 1, 1, 2.3
END

ELEMENT
  PSQUAD4R,    1,     1,     1,     2,    13,    12,
  PSQUAD4R,    2,     1,     2,     3,    14,    13,
  PSQUAD4R,    3,     1,     3,     4,    15,    14,
  PSQUAD4R,    4,     1,     4,     5,    16,    15,
  PSQUAD4R,    5,     1,     5,     6,    17,    16,
  PSQUAD4R,    6,     1,     6,     7,    18,    17,
  PSQUAD4R,    7,     1,     7,     8,    19,    18,
  PSQUAD4R,    8,     1,     8,     9,    20,    19,
  PSQUAD4R,    9,     1,     9,    10,    21,    20,
  PSQUAD4R,   10,     1,    10,    11,    22,    21,
  PSQUAD4R,   11,     1,    12,    13,    24,    23,
  PSQUAD4R,   12,     1,    13,    14,    25,    24,
  PSQUAD4R,   13,     1,    14,    15,    26,    25,
  PSQUAD4R,   14,     1,    15,    16,    27,    26,
  PSQUAD4R,   15,     1,    16,    17,    28,    27,
  PSQUAD4R,   16,     1,    17,    18,    29,    28,
  PSQUAD4R,   17,     1,    18,    19,    30,    29,
  PSQUAD4R,   18,     1,    19,    20,    31,    30,
  PSQUAD4R,   19,     1,    20,    21,    32,    31,
  PSQUAD4R,   20,     1,    21,    22,    33,    32,
  PSQUAD4R,   21,     1,    23,    24,    35,    34,
  PSQUAD4R,   22,     1,    24,    25,    36,    35,
  PSQUAD4R,   23,     1,    25,    26,    37,    36,
  PSQUAD4R,   24,     1,    26,    27,    38,    37,
  PSQUAD4R,   25,     1,    27,    28,    39,    38,
  PSQUAD4R,   26,     1,    28,    29,    40,    39,
  PSQUAD4R,   27,     1,    29,    30,    41,    40,
  PSQUAD4R,   28,     1,    30,    31,    42,    41,
  PSQUAD4R,   29,     1,    31,    32,    43,    42,
  PSQUAD4R,   30,     1,    32,    33,    44,    43,
  PSQUAD4R,   31,     1,    34,    35,    46,    45,
  PSQUAD4R,   32,     1,    35,    36,    47,    46,
  PSQUAD4R,   33,     1,    36,    37,    48,    47,
  PSQUAD4R,   34,     1,    37,    38,    49,    48,
  PSQUAD4R,   35,     1,    38,    39,    50,    49,
  PSQUAD4R,   36,     1,    39,    40,    51,    50,
  PSQUAD4R,   37,     1,    40,    41,    52,    51,
  PSQUAD4R,   38,     1,    41,    42,    53,    52,
  PSQUAD4R,   39,     1,    42,    43,    54,    53,
  PSQUAD4R,   40,     1,    43,    44,    55,    54,
END

LOADCASE
CASE
  ELOAD,   10,     2,    28.0,   0.0,  -1.0
  ELOAD,   20,     2,    28.0,   0.0,  -1.0
  ELOAD,   30,     2,    28.0,   0.0,  -1.0
  ELOAD,   40,     2,    28.0,   0.0,  -1.0
END
END
